40,22,1280,30
19,19,19,19,19,19,19,19,19,19,19,19,19,19,19,19,19,19,19,19,19,19,19,19,19,19,19,19,19,19,19,19,19,19,19,19,19,19,19,19
19,02,02,00,02,02,02,02,02,02,02,02,02,02,02,02,02,02,02,02,02,02,02,02,02,02,02,02,02,02,02,02,02,02,02,02,02,02,02,19
19,02,02,02,02,02,02,02,02,02,02,02,02,02,02,02,02,02,02,02,02,02,02,02,02,02,02,02,02,02,02,02,02,02,02,02,02,02,02,19
19,02,02,02,02,02,02,02,02,02,02,02,02,02,02,02,02,02,02,02,02,02,02,02,02,02,02,02,02,02,02,02,02,02,02,02,02,02,02,19
19,02,02,02,02,02,02,02,02,02,02,02,02,02,02,02,02,02,02,02,02,02,02,02,02,02,02,02,02,02,02,02,02,02,02,02,02,02,02,19
19,02,02,02,02,02,02,02,02,02,02,02,02,02,02,02,02,02,02,02,02,02,11,02,11,02,11,02,11,02,11,02,11,02,02,02,02,02,02,19
19,02,02,02,02,02,02,02,02,02,02,02,02,02,02,02,02,02,02,02,02,02,03,02,03,02,03,02,03,02,03,02,03,02,02,02,02,02,02,19
19,02,02,02,02,02,02,02,02,02,02,02,02,02,02,02,02,02,02,02,02,02,02,02,02,02,02,02,02,02,02,02,02,02,02,02,02,02,02,19
19,02,02,02,02,02,02,02,02,02,02,02,02,02,02,02,02,02,02,02,02,02,02,02,02,02,02,02,02,02,02,02,02,02,02,02,02,02,02,19
19,02,02,02,02,02,02,02,02,02,02,16,02,01,02,01,02,01,02,01,02,01,02,02,02,02,02,02,02,02,02,02,02,02,02,02,02,02,02,19
19,02,02,02,02,02,02,02,02,02,02,01,02,01,02,01,02,01,02,01,02,01,02,02,02,02,02,02,02,02,02,02,02,02,02,02,02,02,02,19
19,02,02,02,02,02,02,02,02,02,02,01,02,16,02,01,02,01,02,01,02,01,02,02,02,02,02,02,02,02,02,02,02,02,02,02,02,02,02,19
19,02,02,02,02,02,02,02,02,02,02,01,02,01,02,01,02,01,02,01,02,01,02,02,02,02,02,02,02,02,02,02,02,02,02,02,02,02,02,19
19,02,02,02,02,02,02,02,02,02,02,01,02,01,02,16,02,01,02,01,02,01,02,02,02,02,02,02,02,02,02,02,02,02,02,02,02,02,02,19
19,02,02,02,02,02,02,02,02,02,02,01,02,01,02,01,02,01,02,01,02,01,02,02,02,02,02,02,02,02,02,02,02,02,02,02,02,02,02,19
19,02,02,02,02,02,02,02,02,02,02,01,02,01,02,01,02,16,02,01,02,01,02,02,02,02,02,02,02,02,02,02,02,02,02,02,02,02,02,19
19,02,02,02,02,02,02,02,02,02,02,01,02,01,02,01,02,01,02,01,02,01,02,02,02,02,02,02,02,02,02,02,02,02,02,02,02,02,02,19
19,02,02,02,02,02,02,02,02,02,02,01,02,01,02,01,02,01,02,16,02,01,02,02,02,02,02,02,02,02,02,02,02,02,02,02,02,02,02,19
19,02,02,02,02,02,02,02,02,02,02,01,02,01,02,01,02,01,02,01,02,01,02,02,02,02,02,02,02,02,02,02,02,02,02,02,02,02,07,19
19,02,02,02,02,02,02,02,02,02,02,01,02,01,02,01,02,01,02,01,02,16,02,02,02,02,02,02,02,02,02,02,02,02,02,02,02,02,02,19
19,02,02,02,02,02,02,02,02,02,02,02,02,02,02,02,02,02,02,02,02,02,02,02,02,02,02,02,02,02,02,02,02,02,02,02,02,02,02,19
19,19,19,19,19,19,19,19,19,19,19,19,19,19,19,19,19,19,19,19,19,19,19,19,19,19,19,19,19,19,19,19,19,19,19,19,19,19,19,19